=~=~=~=~=~=~=~=~=~=~=~= PuTTY log 2026.10.09 11:36:37 =~=~=~=~=~=~=~=~=~=~=~=


CprE288 Simple Mission




CprE288 Simple Mission




CprE288 Simple Mission


Pressed: h


UART COMMANDS: 

M: MAP
P: MAP & POINT
W: Forward
A: Left
S: Backward
D: Right
Q: GET CURRENT POSITION
R: RETURN TO START POINT
E: EXIT
Pressed: m

**Raw noisy sensor data**
Angle(Degrees)	Sound Distance(cm)	Raw IR
0			14.913958
2			30.369110
4			309.342285
6			135.679565
8			135.646240
10			135.650543
12			135.640869
14			135.548416
16			135.517242
18			135.502197
20			135.100143
22			134.633606
24			135.034576
26			134.207901
28			134.630371
30			134.248749
32			134.845367
34			134.872253
36			134.836777
38			135.130249
40			135.666672
42			135.674194
44			137.060928
46			137.081360
48			159.978668
50			159.206833
52			160.469940
54			161.419159
56			214.580719
58			215.484787
60			309.355194
62			38.070347
64			309.370239
66			309.353027
68			34.734650
70			34.434727
72			34.178879
74			32.362144
76			32.340645
78			32.250343
80			31.753700
82			31.710697
84			31.225876
86			31.164604
88			31.529026
90			31.476349
92			31.425827
94			31.371002
96			31.333378
98			30.880806
100			30.851780
102			30.403511
104			30.408886
106			30.411034
108			30.416409
110			30.406734
112			30.400284
114			30.409958
116			30.409958
118			30.870056
120			30.877579
122			30.921654
124			30.919506
126			30.970028
128			31.421528
130			31.517200
132			31.558048
134			32.024597
136			32.531994
138			33.050137
140			33.078087
142			40.341805
144			39.891384
146			40.734177
148			21.963751
150			21.903553
152			21.867002
154			15.055857
156			14.690359
158			14.550611
160			14.504387
162			14.514061
164			14.504387
166			14.453861
168			14.462461
170			14.916107
172			14.920408
174			15.339655
176			15.351479
178			15.342880
180			95.878014
** Cleaned data **
Angle(Degrees)	Sound Distance(cm)	Raw IR
0			14.913958
2			30.369110
4			309.342285
6			137.549072
8			137.549072
10			137.549072
12			137.549072
14			137.549072
16			137.549072
18			137.549072
20			137.549072
22			137.549072
24			137.549072
26			137.549072
28			137.549072
30			137.549072
32			137.549072
34			137.549072
36			137.549072
38			137.549072
40			137.549072
42			137.549072
44			137.549072
46			137.549072
48			137.549072
50			137.549072
52			137.549072
54			161.419159
56			187.999939
58			215.484787
60			262.419983
62			150.245163
64			229.807709
66			269.580383
68			28.464384
70			28.464384
72			28.464384
74			28.464384
76			28.464384
78			28.464384
80			28.464384
82			28.464384
84			28.464384
86			28.464384
88			28.464384
90			28.464384
92			28.464384
94			28.464384
96			28.464384
98			28.464384
100			28.464384
102			28.464384
104			28.464384
106			28.464384
108			28.464384
110			28.464384
112			28.464384
114			28.464384
116			28.464384
118			28.464384
120			28.464384
122			28.464384
124			28.464384
126			28.464384
128			28.464384
130			28.464384
132			28.464384
134			28.464384
136			28.464384
138			28.464384
140			28.464384
142			28.464384
144			28.464384
146			28.464384
148			28.464384
150			28.464384
152			28.464384
154			28.464384
156			28.464384
158			28.464384
160			28.464384
162			28.464384
164			28.464384
166			28.464384
168			28.464384
170			28.464384
172			28.464384
174			28.464384
176			28.464384
178			28.464384
180			28.464384

Object#		Angle (deg)		Sound Dist (cm)		IR Dist (cm)		Width (cm)
Smallest Object is #0


CprE288 Simple Mission


Pressed: m

**Raw noisy sensor data**
Angle(Degrees)	Sound Distance(cm)	IR Distance (cm)
0		14.913958		32.132011
2		30.412109		29.647421
4		252.995544		109.624535
6		141.622116		113.800789
8		140.686874		93.060211
10		141.566223		113.375824
12		135.630112		112.952507
14		135.620438		94.979210
16		135.622589		112.110786
18		135.565613		113.375824
20		135.545197		94.979210
22		135.096924		112.110786
24		135.149597		112.320602
26		134.857193		26.415186
28		134.878693		108.808586
30		134.861496		104.822609
32		134.858276		112.952507
34		134.307877		112.530830
36		135.644089		111.692375
38		135.217316		112.952507
40		135.679565		113.588097
42		135.799973		112.110786
44		159.893753		113.800789
46		160.747299		112.952507
48		161.901840		112.110786
50		160.844040		112.530830
52		309.514282		112.110786
54		309.447632		114.013893
56		309.572327		113.375824
58		309.586304		112.110786
60		309.609955		112.952507
62		38.526146		112.110786
64		309.568024		111.275589
66		309.566956		27.930279
68		309.608887		113.375824
70		34.459454		64.457367
72		34.199303		58.248081
74		32.799664		54.014954
76		32.292271		43.204002
78		32.268620		52.117420
80		32.182621		49.056110
82		31.670925		39.185883
84		31.181805		44.123398
86		31.131279		43.431843
88		31.146328		34.622345
90		31.495701		41.791431
92		31.417225		40.925781
94		31.395725		32.349712
96		31.347351		38.380280
98		30.895855		36.446568
100		30.848557		36.259323
102		30.374485		35.098457
104		30.374485		35.098457
106		30.375561		34.740681
108		30.364811		34.859474
110		30.379860		34.740681
112		30.362659		34.740681
114		30.375561		34.859474
116		30.379860		34.387051
118		30.842106		34.859474
120		30.843182		33.921917
122		30.861454		34.622345
124		30.882954		36.572002
126		30.921654		35.218643
128		31.424751		36.321617
130		31.461300		36.321617
132		31.962246		37.463844
134		32.443844		38.380280
136		32.486843		33.864281
138		33.436058		41.573124
140		33.075939		42.602875
142		41.222221		37.593243
144		39.922558		45.463120
146		40.723427		49.056110
148		21.969126		51.470512
150		21.910002		52.678955
152		15.489079		56.594601
154		15.058006		59.307915
156		15.056932		57.829880
158		14.548460		56.696445
160		14.546310		37.078655
162		14.514061		31.068537
164		14.508686		12.994161
166		14.507610		11.321407
168		14.500086		11.894535
170		14.495787		16.005331
172		14.915033		52.303871
174		14.917183		112.952507
176		15.340729		71.119957
178		15.780401		87.705299
180		95.525414		114.655693


CprE288 Simple Mission


Pressed: w

Distance: 20.00
Slowing down
Final Distance: 25.12
Pressed: m

**Raw noisy sensor data**
Angle(Degrees)	Sound Distance(cm)	IR Distance (cm)
0		14.509762		22.215769
2		30.398132		35.399803
4		38.487446		83.285240
6		135.580673		112.110786
8		135.672043		114.227409
10		135.621521		113.588097
12		135.594650		90.508621
14		135.594650		112.952507
16		135.072205		113.375824
18		135.118423		112.952507
20		134.832474		111.692375
22		134.599197		112.952507
24		134.627151		111.275589
26		134.535782		110.446854
28		134.822800		101.743500
30		134.835693		106.796234
32		134.846451		112.952507
34		134.821732		113.163956
36		134.869019		113.375824
38		135.622589		113.375824
40		135.626892		91.690109
42		135.666672		112.952507
44		159.907730		111.275589
46		212.504898		112.110786
48		222.188431		112.530830
50		211.625565		111.275589
52		309.260590		113.588097
54		309.274567		112.952507
56		309.369141		113.375824
58		309.392792		112.952507
60		309.329376		112.110786
62		38.067123		94.451775
64		38.877666		112.110786
66		215.922302		110.446854
68		236.142883		113.800789
70		34.429352		76.807487
72		33.800484		58.248081
74		32.822239		54.500973
76		32.363220		52.491051
78		31.867649		52.303871
80		31.818199		50.832344
82		31.286076		49.493717
84		31.209751		44.123398
86		31.172127		42.752281
88		31.133427		42.752281
90		31.523651		40.997150
92		31.854748		39.595783
94		31.390350		38.646732
96		31.329075		37.078655
98		30.884029		36.446568
100		30.878654		36.073166
102		30.837807		34.387051
104		30.404583		34.859474
106		30.413185		35.460426
108		30.402435		36.384029
110		30.413185		36.634907
112		30.413185		35.765308
114		30.401360		35.218643
116		30.838882		34.622345
118		30.878654		34.153580
120		30.875431		33.692043
122		30.932404		34.037521
124		30.929180		35.218643
126		31.369926		35.339298
128		31.431202		36.572002
130		31.478500		36.572002
132		31.520424		37.334949
134		32.045021		38.380280
136		32.539516		33.463951
138		33.065189		43.204002
140		33.100662		42.305798
142		40.916924		44.748344
144		39.952660		47.683994
146		40.792225		47.263885
148		22.005676		50.471554
150		21.926126		52.303871
152		21.873453		56.594601
154		15.489079		58.881508
156		15.059082		49.056110
158		15.013931		56.798485
160		14.551685		36.446568
162		14.552761		36.572002
164		14.506536		13.592691
166		14.506536		11.969358
168		14.487186		9.643018
170		14.519436		14.628429
172		14.506536		111.692375
174		14.947283		114.655693
176		14.954807		106.398438
178		15.381578		112.530830
180		22.146500		78.808838


CprE288 Simple Mission


Pressed: m

**Raw noisy sensor data**
Angle(Degrees)	Sound Distance(cm)	IR Distance (cm)
0		14.919333		49.318165
2		30.845329		32.679451
4		38.445518		50.471554
6		135.675262		94.803062
8		135.718262		115.301239
10		135.681717		105.607460
12		135.651611		109.215767
14		135.689240		112.530830
16		135.584976		111.275589
18		135.115204		112.952507
20		135.068970		111.483780
22		135.108749		113.588097
24		135.058228		112.952507
26		134.595978		96.221924
28		134.575546		107.395844
30		134.177811		104.043839
32		134.629303		111.692375
34		134.611023		112.110786
36		134.857193		111.692375
38		134.877625		111.275589
40		135.604324		111.275589
42		136.565353		112.110786
44		137.418900		111.692375
46		162.523178		112.110786
48		160.810715		113.375824
50		162.170578		111.692375
52		309.474518		113.375824
54		276.820557		115.733704
56		309.531494		111.275589
58		301.744232		113.163956
60		218.134628		111.692375
62		38.095074		114.227409
64		39.333462		113.375824
66		309.365936		112.530830
68		34.786247		112.110786
70		34.421825		70.344681
72		34.436878		61.047070
74		32.837288		52.678955
76		32.361069		54.403389
78		32.246044		50.561489
80		32.177246		40.571007
82		31.688126		45.223473
84		31.199001		41.428291
86		31.178577		40.080082
88		31.114079		33.463951
90		31.507526		39.871719
92		31.460224		37.593243
94		31.384975		38.446701
96		31.368851		31.173035
98		30.862530		34.504471
100		30.870056		38.646732
102		30.395985		32.569111
104		30.394909		35.826641
106		30.390610		36.446568
108		30.398132		34.622345
110		30.389534		31.915998
112		30.403511		35.218643
114		30.404583		29.499693
116		30.834579		34.622345
118		30.825981		32.132011
120		30.871132		33.692043
122		30.876507		34.622345
124		30.936707		35.888092
126		30.923805		36.073166
128		31.429050		37.658131
130		31.477425		31.277939
132		31.943974		38.247829
134		31.994495		40.010490
136		32.191219		38.915260
138		32.596493		34.387051
140		33.055511		40.430061
142		40.769650		41.428291
144		40.286980		44.278725
146		40.708378		50.471554
148		21.950851		52.303871
150		21.897102		50.292206
152		21.860552		58.669544
154		15.477253		50.113556
156		15.006407		59.737648
158		15.004257		56.594601
160		14.547386		36.321617
162		14.514061		34.740681
164		14.511911		14.567993
166		14.493637		12.151930
168		14.511911		16.377153
170		14.505461		58.669544
172		14.508686		38.513248
174		14.919333		112.952507
176		15.385880		64.691864
178		15.331055		75.966293
180		22.160475		64.809456


CprE288 Simple Mission




CprE288 Simple Mission


Pressed: m

**Raw noisy sensor data**
Angle(Degrees)	Sound Distance(cm)	IR Distance (cm)
0		95.835014		112.952507
2		32.050396		36.761074
4		31.750473		59.094296
6		134.568024		114.655693
8		135.667740		112.952507
10		135.560242		113.588097
12		135.605392		96.580101
14		135.573151		111.275589
16		135.100143		112.530830
18		135.043167		93.060211
20		134.851822		111.275589
22		135.097992		112.530830
24		134.559433		94.803062
26		134.582001		111.275589
28		134.585220		99.496178
30		134.619629		101.365295
32		134.851822		114.227409
34		134.850754		112.952507
36		134.844299		110.446854
38		135.621521		112.952507
40		135.157120		112.952507
42		135.654846		112.110786
44		138.317596		93.060211
46		159.828171		112.110786
48		309.386353		110.446854
50		160.422638		112.952507
52		309.331543		112.952507
54		309.369141		112.952507
56		309.330444		113.800789
58		309.332611		93.753288
60		309.310028		113.800789
62		38.431545		112.110786
64		38.442295		113.375824
66		309.357330		93.406075
68		34.761524		113.375824
70		34.416451		71.119957
72		34.411076		59.094296
74		33.246861		43.968670
76		32.354618		49.935600
78		32.240669		49.056110
80		32.186920		37.078655
82		31.706398		43.891533
84		31.206528		46.353882
86		31.160301		41.284019
88		31.124828		41.718521
90		31.470974		42.602875
92		31.411850		39.458618
94		31.367775		36.824345
96		31.346275		34.270088
98		31.302200		32.901421
100		30.813080		33.125122
102		30.833508		29.845736
104		30.373409		35.339298
106		30.360508		34.387051
108		30.358360		34.859474
110		30.368034		32.404400
112		30.364811		36.197151
114		30.408886		32.349712
116		30.404583		29.450642
118		30.834579		35.826641
120		30.878654		34.740681
122		30.868980		31.808619
124		30.917355		35.704094
126		30.908756		34.978733
128		31.408627		37.078655
130		31.452702		9.218827
132		31.525799		37.078655
134		31.977295		38.646732
136		32.181545		39.458618
138		32.580368		40.712505
140		33.059814		41.718521
142		40.748150		43.814545
144		34.441177		43.355751
146		40.749226		44.748344
148		21.962677		49.935600
150		21.916452		49.758331
152		21.868078		55.786938
154		15.481554		55.987679
156		15.058006		54.208794
158		14.708635		46.353882
160		14.555986		36.824345
162		14.559210		35.218643
164		14.514061		14.271041
166		14.510836		12.402075
168		14.509762		11.703361
170		14.508686		84.523674
172		14.504387		40.430061
174		14.960182		114.655693
176		14.962332		62.841141
178		15.393404		71.380394
180		95.862961		83.285240


CprE288 Simple Mission


Pressed: m

**Raw noisy sensor data**
Angle(Degrees)	Sound Distance(cm)	IR Distance (cm)
0		14.912884		19.507311
2		30.874355		34.622345
4		38.428322		112.952507
6		135.578522		113.800789
8		135.670975		106.398438
10		135.625824		94.803062
12		135.574219		101.743500
14		135.165726		113.375824
16		135.135620		112.952507
18		135.084030		111.275589
20		135.077576		113.375824
22		134.909882		112.952507
24		134.633606		82.065903
26		135.060379		109.215767
28		134.623932		88.030319
30		134.253052		83.902046
32		134.245529		112.952507
34		134.871170		111.275589
36		135.187225		93.060211
38		135.146378		112.952507
40		135.658066		112.110786
42		135.752670		92.372498
44		135.558090		112.952507
46		161.561066		111.275589
48		137.098557		113.800789
50		309.420746		93.060211
52		309.378845		112.110786
54		223.335449		112.110786
56		216.689850		93.060211
58		309.446564		110.446854
60		216.771545		111.483780
62		38.081097		93.060211
64		38.013374		112.952507
66		216.644699		111.275589
68		214.478592		93.060211
70		34.437950		74.313042
72		34.423977		53.821865
74		32.826538		54.794857
76		32.363220		51.195946
78		31.854748		53.725601
80		31.828949		49.758331
82		31.732197		49.405857
84		31.224804		45.223473
86		31.176430		42.902271
88		31.173203		39.185883
90		31.119453		42.011017
92		31.481724		37.078655
94		31.426903		39.321987
96		31.376377		34.328514
98		30.950680		35.642998
100		30.889404		36.824345
102		30.884029		36.197151
104		30.420708		35.826641
106		30.402435		35.582024
108		30.412109		36.197151
110		30.422859		37.078655
112		30.415333		26.938534
114		30.469082		32.459198
116		30.889404		32.679451
118		30.900154		33.463951
120		30.934555		31.541990
122		30.921654		34.622345
124		30.974331		36.073166
126		31.444099		35.218643
128		31.487099		33.463951
130		31.531174		33.806755
132		31.573101		39.802532
134		32.194447		35.826641
136		32.196594		40.430061
138		33.065189		41.140305
140		33.104961		40.149803
142		40.927673		40.571007
144		34.184254		47.013767
146		40.766426		43.508087
148		22.008902		50.471554
150		21.955153		53.056969
152		21.923977		52.678955
154		15.526703		53.151932
156		15.053707		58.669544
158		15.059082		47.013767
160		14.557060		35.582024
162		14.552761		38.247829
164		14.553835		13.665742
166		14.506536		14.039633
168		14.504387		13.131455
170		14.500086		33.749344
172		14.510836		57.829880
174		14.963408		112.952507
176		14.969858		107.195587
178		15.770725		112.952507
180		97.668945		94.803062


CprE288 Simple Mission


Pressed: m

**Raw noisy sensor data**
Angle(Degrees)	Sound Distance(cm)	IR Distance (cm)
0		14.511911		54.598743
2		30.429310		35.218643
4		215.088104		60.388542
6		137.035126		112.110786
8		136.609436		115.085640
10		136.203094		113.375824
12		136.060120		105.214272
14		135.672043		112.952507
16		135.707520		111.275589
18		136.099884		111.275589
20		136.050446		114.655693
22		136.014969		113.588097
24		135.524765		115.085640
26		135.987015		110.446854
28		135.588196		106.398438
30		135.577438		106.398438
32		135.990234		112.110786
34		137.280228		113.800789
36		137.005035		113.375824
38		159.369156		112.110786
40		157.974884		111.692375
42		159.047729		112.110786
44		158.634933		113.800789
46		159.097183		113.800789
48		161.249313		112.530830
50		161.077316		112.952507
52		212.170578		110.446854
54		226.148697		111.692375
56		303.237396		112.110786
58		226.743164		113.375824
60		309.345520		113.800789
62		38.450893		112.110786
64		38.881966		112.952507
66		213.605698		113.800789
68		34.726051		111.275589
70		34.416451		72.964470
72		33.792957		56.594601
74		32.825466		45.303200
76		32.353542		52.117420
78		31.861198		52.678955
80		31.783798		49.230644
82		31.703175		45.223473
84		31.212978		48.709072
86		30.735680		42.602875
88		31.130203		41.573124
90		31.534401		42.902271
92		31.468826		40.430061
94		31.445175		38.115894
96		31.402176		37.334949
98		30.932404		36.572002
100		30.896931		36.321617
102		30.901230		35.218643
104		30.414261		35.582024
106		30.423935		34.978733
108		30.432533		35.218643
110		30.426083		35.278912
112		30.428234		36.321617
114		30.420708		35.339298
116		30.462635		34.978733
118		30.895855		35.399803
120		30.879730		34.153580
122		30.924881		35.158493
124		30.987228		35.098457
126		30.980778		34.859474
128		31.488174		36.572002
130		31.525799		37.334949
132		32.000946		37.593243
134		32.047173		38.646732
136		32.207344		40.010490
138		33.049065		41.428291
140		33.103889		43.968670
142		40.922298		44.123398
144		33.615585		45.865650
146		40.725578		48.709072
148		21.961601		50.113556
150		21.919678		52.867596
152		15.436403		55.987679
154		15.011782		57.621994
156		14.963408		58.563869
158		15.349329		54.598743
160		14.911808		30.501003
162		14.510836		36.321617
164		14.508686		14.388784
166		14.464611		11.909441
168		14.466761		14.232098
170		14.876333		20.870855
172		14.913958		59.307915
174		14.921482		114.870453
176		14.913958		59.953770
178		15.345030		113.375824
180		22.007826		112.952507


CprE288 Simple Mission


Pressed: m

**Raw noisy sensor data**
Angle(Degrees)	Sound Distance(cm)	IR Distance (cm)
0		14.505461		16.005331
2		30.902306		34.978733
4		38.025200		112.110786
6		135.779541		113.588097
8		136.210617		113.800789
10		136.142883		112.952507
12		135.718262		113.800789
14		135.669891		113.375824
16		135.697845		112.530830
18		135.669891		112.110786
20		136.024643		113.375824
22		136.067642		112.110786
24		135.608612		112.110786
26		135.615067		105.607460
28		135.615067		105.607460
30		136.451416		105.214272
32		137.312485		113.375824
34		136.842712		111.275589
36		136.077316		111.275589
38		137.008255		113.375824
40		137.031906		113.588097
42		157.811493		113.800789
44		158.719864		113.800789
46		160.859085		112.952507
48		211.276184		113.163956
50		161.432068		113.800789
52		160.994537		110.446854
54		227.091461		112.530830
56		256.584930		112.110786
58		216.444748		111.275589
60		309.497070		93.060211
62		38.505718		112.110786
64		39.340988		113.163956
66		214.883865		111.275589
68		309.534698		113.588097
70		33.897232		72.964470
72		33.815533		48.709072
74		32.820091		53.533634
76		31.922474		52.678955
78		32.289043		43.814545
80		32.204121		51.378811
82		31.735424		45.704170
84		31.232327		38.247829
86		31.186104		43.052841
88		31.126980		40.997150
90		31.534401		34.622345
92		31.437653		40.997150
94		31.381752		39.185883
96		31.346275		31.595108
98		30.886181		37.078655
100		30.889404		36.073166
102		30.882954		34.859474
104		30.414261		35.582024
106		30.422859		35.278912
108		30.423935		35.218643
110		30.421783		35.339298
112		30.422859		34.859474
114		30.471233		35.339298
116		30.460484		33.921917
118		30.877579		33.692043
120		30.879730		34.622345
122		30.882954		33.463951
124		30.932404		34.622345
126		31.382828		36.073166
128		31.439800		31.173035
130		31.473125		36.073166
132		31.997723		37.206554
134		32.197670		38.915260
136		32.199821		40.149803
138		33.077011		41.573124
140		33.582260		42.902271
142		40.458981		43.814545
144		40.400928		46.353882
146		40.783627		47.347580
148		22.013201		53.725601
150		21.963751		52.678955
152		21.922901		57.208641
154		15.888975		55.387791
156		15.110682		60.388542
158		14.709709		55.786938
160		14.548460		36.572002
162		14.561361		36.572002
164		14.552761		14.388784
166		14.509762		11.198478
168		14.514061		11.659925
170		14.517286		67.332397
172		14.510836		51.378811
174		15.343954		112.952507
176		15.392328		113.800789
178		22.099201		109.624535
180		95.926384		94.451775


CprE288 Simple Mission


Pressed: m

**Raw noisy sensor data**
Angle(Degrees)	Sound Distance(cm)	IR Distance (cm)
0		14.525887		57.829880
2		30.441135		29.450642
4		251.302429		64.691864
6		141.899475		112.952507
8		141.476990		114.013893
10		141.531815		112.952507
12		137.296356		108.402985
14		142.560593		112.110786
16		135.953690		113.800789
18		135.995621		94.803062
20		134.535782		112.952507
22		133.935928		111.692375
24		135.828995		113.375824
26		135.785995		107.395844
28		135.806412		105.607460
30		135.807495		100.239464
32		135.348465		112.952507
34		135.845123		110.446854
36		135.869843		113.800789
38		135.990234		113.375824
40		136.009598		112.110786
42		136.012817		93.060211
44		136.461090		112.110786
46		136.032166		114.655693
48		136.564285		113.375824
50		137.102859		112.110786
52		137.108231		93.927399
54		138.386398		111.275589
56		217.375687		112.110786
58		309.427216		111.275589
60		218.217407		113.800789
62		38.507870		112.952507
64		38.356297		112.110786
66		213.670197		112.952507
68		34.451927		93.060211
70		34.447628		72.432335
72		33.821983		60.388542
74		32.852341		53.437931
76		32.364292		52.303871
78		32.297646		52.303871
80		31.802074		50.922977
82		31.720375		47.347580
84		31.246304		45.946629
86		30.767933		44.434654
88		31.126980		34.622345
90		31.147404		41.140305
92		31.494625		40.289661
94		31.447327		40.712505
96		30.932404		37.658131
98		30.935631		36.197151
100		30.894779		37.206554
102		30.891556		34.681458
104		30.427158		29.450642
106		30.434685		35.218643
108		30.431458		35.218643
110		30.421783		34.622345
112		30.417484		34.859474
114		30.419636		35.888092
116		30.463707		33.806755
118		30.903381		34.153580
120		30.887257		33.921917
122		30.931332		35.826641
124		30.937778		35.098457
126		30.978630		35.339298
128		31.143105		37.593243
130		31.133427		36.761074
132		31.546227		31.595108
134		32.056847		38.646732
136		32.199821		39.458618
138		32.595417		34.622345
140		33.115711		42.752281
142		40.371906		44.434654
144		33.327484		48.023037
146		40.684727		49.405857
148		21.966976		50.471554
150		21.917526		54.598743
152		21.871302		56.189201
154		15.432104		58.881508
156		15.062307		57.829880
158		14.712934		56.189201
160		14.564587		36.321617
162		14.561361		36.446568
164		14.521585		14.588099
166		14.516211		11.849988
168		14.517286		11.280191
170		14.519436		17.410004
172		14.522661		115.085640
174		14.924707		107.998955
176		14.930082		114.655693
178		15.351479		116.385559
180		22.152950		81.463310


CprE288 Simple Mission




CprE288 Simple Mission




CprE288 Simple Mission


Pressed: m

**Raw noisy sensor data**
Angle(Degrees)	Sound Distance(cm)	IR Distance (cm)
0		97.143272		106.995720
2		31.495701		33.692043
4		32.373970		55.288486
6		135.576370		112.110786
8		136.637390		112.952507
10		136.162247		112.952507
12		136.160095		97.300644
14		135.664520		111.692375
16		135.621521		107.596489
18		135.638718		108.808586
20		135.591415		111.275589
22		136.023560		112.110786
24		135.577438		113.588097
26		136.051514		82.673203
28		136.068710		100.239464
30		135.680649		104.822609
32		136.006363		93.060211
34		136.054733		114.227409
36		136.116013		109.624535
38		159.064926		111.275589
40		159.019775		113.588097
42		160.257095		113.800789
44		159.121902		112.110786
46		159.831406		111.275589
48		160.361374		112.952507
50		159.960403		113.800789
52		309.160614		111.275589
54		309.200378		113.163956
56		224.324432		93.753288
58		222.161545		113.375824
60		309.304657		112.110786
62		38.049923		113.588097
64		38.428322		112.952507
66		213.102600		111.275589
68		34.410004		111.692375
70		34.407852		71.380394
72		33.792957		59.415035
74		33.299538		53.821865
76		32.333118		54.794857
78		32.251419		51.931690
80		31.767673		48.882256
82		31.698875		47.683994
84		31.197929		43.814545
86		31.163528		43.052841
88		31.103329		40.571007
90		31.501076		42.011017
92		31.448402		33.350571
94		31.417225		38.646732
96		31.373150		36.951252
98		30.917355		36.073166
100		30.864681		34.978733
102		30.865757		35.098457
104		30.377708		35.826641
106		30.379860		35.098457
108		30.397060		35.460426
110		30.413185		35.949665
112		30.412109		35.098457
114		30.411034		35.339298
116		30.887257		33.463951
118		30.860382		34.622345
120		30.874355		34.270088
122		30.911980		34.037521
124		30.968956		29.158327
126		30.973255		34.859474
128		31.466675		37.078655
130		31.530102		36.761074
132		31.570950		38.646732
134		32.040722		38.713669
136		32.548119		40.500465
138		32.642715		43.584480
140		33.559685		42.752281
142		40.408455		44.591194
144		34.138031		45.064480
146		40.708378		47.013767
148		21.962677		50.113556
150		21.875603		54.208794
152		22.256149		56.798485
154		22.184124		59.415035
156		15.443928		60.170734
158		14.969858		55.387791
160		14.964483		39.390236
162		14.972008		37.206554
164		14.514061		14.832447
166		14.523737		11.939342
168		14.461386		10.627484
170		14.931158		17.642509
172		14.926857		51.931690
174		15.791151		113.800789
176		14.920408		113.800789
178		15.346104		70.344681
180		95.624313		94.451775
** Cleaned data **
Angle(Degrees)	Sound Distance(cm)	IR Distance (cm)
0		97.143272		106.995720
2		31.495701		33.692043
4		32.373970		55.288486
6		142.101227		112.110786
8		142.101227		112.952507
10		142.101227		112.952507
12		142.101227		97.300644
14		142.101227		111.692375
16		142.101227		107.596489
18		142.101227		108.808586
20		142.101227		111.275589
22		142.101227		112.110786
24		142.101227		113.588097
26		142.101227		82.673203
28		142.101227		100.239464
30		142.101227		104.822609
32		142.101227		93.060211
34		142.101227		114.227409
36		142.101227		109.624535
38		142.101227		111.275589
40		142.101227		113.588097
42		142.101227		113.800789
44		142.101227		112.110786
46		142.101227		111.275589
48		142.101227		112.952507
50		142.101227		113.800789
52		234.560516		111.275589
54		271.880432		113.163956
56		223.242981		93.753288
58		223.242981		113.375824
60		265.733093		112.110786
62		38.239120		113.588097
64		38.239120		112.952507
66		125.765457		111.275589
68		28.545847		111.692375
70		28.545847		71.380394
72		28.545847		59.415035
74		28.545847		53.821865
76		28.545847		54.794857
78		28.545847		51.931690
80		28.545847		48.882256
82		28.545847		47.683994
84		28.545847		43.814545
86		28.545847		43.052841
88		28.545847		40.571007
90		28.545847		42.011017
92		28.545847		33.350571
94		28.545847		38.646732
96		28.545847		36.951252
98		28.545847		36.073166
100		28.545847		34.978733
102		28.545847		35.098457
104		28.545847		35.826641
106		28.545847		35.098457
108		28.545847		35.460426
110		28.545847		35.949665
112		28.545847		35.098457
114		28.545847		35.339298
116		28.545847		33.463951
118		28.545847		34.622345
120		28.545847		34.270088
122		28.545847		34.037521
124		28.545847		29.158327
126		28.545847		34.859474
128		28.545847		37.078655
130		28.545847		36.761074
132		28.545847		38.646732
134		28.545847		38.713669
136		28.545847		40.500465
138		28.545847		43.584480
140		28.545847		42.752281
142		28.545847		44.591194
144		28.545847		45.064480
146		28.545847		47.013767
148		28.545847		50.113556
150		28.545847		54.208794
152		28.545847		56.798485
154		28.545847		59.415035
156		28.545847		60.170734
158		28.545847		55.387791
160		28.545847		39.390236
162		28.545847		37.206554
164		28.545847		14.832447
166		28.545847		11.939342
168		28.545847		10.627484
170		28.545847		17.642509
172		28.545847		51.931690
174		28.545847		113.800789
176		28.545847		113.800789
178		28.545847		70.344681
180		28.545847		94.451775

Object#		Angle (deg)		Sound Dist (cm)		IR Dist (cm)		Width (cm)
Smallest Object is #0
Pressed: m

**Raw noisy sensor data**
Angle(Degrees)	Sound Distance(cm)	IR Distance (cm)
0		38.847569		72.697884
2		226.670059		113.375824
4		33.285561		34.387051
6		309.315399		113.375824
8		36.555683		114.655693
10		35.539818		112.952507
12		35.505417		112.952507
14		34.956097		112.110786
16		34.480953		112.110786
18		33.983231		113.375824
20		34.436878		92.715683
22		33.884331		110.653435
24		33.857456		111.275589
26		33.422085		112.110786
28		33.343609		112.110786
30		33.312435		113.800789
32		33.315662		34.387051
34		33.267284		33.806755
36		33.273735		33.692043
38		33.252235		32.132011
40		33.269436		31.068537
42		33.274811		31.808619
44		33.264061		30.552097
46		33.269436		27.026951
48		33.265137		32.240650
50		33.268360		30.654585
52		33.294163		46.682541
54		33.761784		95.865135
56		33.803707		97.300644
58		34.422901		108.605583
60		34.413227		100.613289
62		34.821724		107.998955
64		35.293644		96.221924
66		35.804268		105.214272
68		309.383118		93.060211
70		309.414307		112.110786
72		309.502441		111.692375
74		309.421844		110.860420
76		309.447632		111.692375
78		308.777924		110.446854
80		309.461609		112.110786
82		309.425049		113.375824
84		298.598816		91.013008
86		296.768097		112.110786
88		293.943024		111.275589
90		296.480011		111.692375
92		293.178711		110.446854
94		293.114197		93.753288
96		293.442078		112.530830
98		293.664612		111.275589
100		298.231171		111.692375
102		301.630280		109.624535
104		227.105438		103.271088
106		228.914642		105.214272
108		309.446564		107.998955
110		225.322021		82.978622
112		225.152176		112.952507
114		223.843918		113.588097
116		225.058655		106.995720
118		225.071548		104.822609
120		224.985550		100.800743
122		224.574905		98.758636
124		223.665466		95.865135
126		224.552338		107.998955
128		224.960831		103.271088
130		224.537277		106.995720
132		202.427933		100.988564
134		225.368256		109.215767
136		224.942551		99.126686
138		40.404156		85.781509
140		39.955883		105.214272
142		39.910732		89.343086
144		39.434513		86.417793
146		39.372162		93.753288
148		39.391514		93.753288
150		38.924965		80.865379
152		38.895943		54.208794
154		38.917442		40.010490
156		38.845417		36.321617
158		38.860466		37.463844
160		38.860466		37.593243
162		38.895943		34.622345
164		38.906693		49.581753
166		39.343136		113.375824
168		39.410862		111.275589
170		39.390438		112.952507
172		39.886009		112.320602
174		40.378353		112.952507
176		40.938423		114.655693
178		40.943798		113.800789
180		203.141724		114.227409
** Cleaned data **
Angle(Degrees)	Sound Distance(cm)	IR Distance (cm)
0		38.847569		72.697884
2		226.670059		113.375824
4		33.285561		34.387051
6		309.315399		113.375824
8		34.108665		114.655693
10		34.108665		112.952507
12		34.108665		112.952507
14		34.108665		112.110786
16		34.108665		112.110786
18		34.108665		113.375824
20		34.108665		92.715683
22		34.108665		110.653435
24		34.108665		111.275589
26		34.108665		112.110786
28		34.108665		112.110786
30		34.108665		113.800789
32		34.108665		34.387051
34		34.108665		33.806755
36		34.108665		33.692043
38		34.108665		32.132011
40		34.108665		31.068537
42		34.108665		31.808619
44		34.108665		30.552097
46		34.108665		27.026951
48		34.108665		32.240650
50		34.108665		30.654585
52		34.108665		46.682541
54		34.108665		95.865135
56		34.108665		97.300644
58		34.108665		108.605583
60		34.108665		100.613289
62		34.108665		107.998955
64		34.108665		96.221924
66		34.108665		105.214272
68		172.593689		93.060211
70		241.003998		112.110786
72		283.795380		111.692375
74		283.795380		110.860420
76		299.264435		111.692375
78		299.264435		110.446854
80		299.264435		112.110786
82		299.264435		113.375824
84		299.264435		91.013008
86		299.264435		112.110786
88		299.264435		111.275589
90		299.264435		111.692375
92		299.264435		110.446854
94		299.264435		93.753288
96		299.264435		112.530830
98		299.264435		111.275589
100		299.264435		111.692375
102		299.264435		109.624535
104		228.010040		103.271088
106		228.010040		105.214272
108		269.180603		107.998955
110		223.399490		82.978622
112		223.399490		112.952507
114		223.399490		113.588097
116		223.399490		106.995720
118		223.399490		104.822609
120		223.399490		100.800743
122		223.399490		98.758636
124		223.399490		95.865135
126		223.399490		107.998955
128		223.399490		103.271088
130		223.399490		106.995720
132		223.399490		100.988564
134		223.399490		109.215767
136		223.399490		99.126686
138		39.514568		85.781509
140		39.514568		105.214272
142		39.514568		89.343086
144		39.514568		86.417793
146		39.514568		93.753288
148		39.514568		93.753288
150		39.514568		80.865379
152		39.514568		54.208794
154		39.514568		40.010490
156		39.514568		36.321617
158		39.514568		37.463844
160		39.514568		37.593243
162		39.514568		34.622345
164		39.514568		49.581753
166		39.514568		113.375824
168		39.514568		111.275589
170		39.514568		112.952507
172		39.514568		112.320602
174		39.514568		112.952507
176		39.514568		114.655693
178		39.514568		113.800789
180		122.042763		114.227409

Object#		Angle (deg)		Sound Dist (cm)		IR Dist (cm)		Width (cm)
1			38.0			34.11			0.00
2			159.0			39.51			0.00
Smallest Object is #2
Pressed: p

Turning (abs): Final angle 68.36° where the target was 69.00°!
Pressed: m

**Raw noisy sensor data**
Angle(Degrees)	Sound Distance(cm)	IR Distance (cm)
0		117.358490		73.500755
2		179.934814		114.655693
4		35.146370		105.214272
6		309.315399		51.562389
8		309.429352		112.952507
10		300.716553		65.400848
12		299.411499		112.952507
14		303.936157		112.952507
16		309.230469		113.375824
18		306.254913		111.275589
20		309.253052		113.375824
22		309.365936		112.952507
24		309.397095		94.451775
26		298.582703		112.110786
28		298.660095		112.952507
30		298.968628		89.674477
32		227.051682		96.221924
34		226.206741		86.417793
36		225.655273		86.417793
38		226.010025		100.426193
40		227.267761		112.952507
42		224.307236		91.013008
44		37.629601		107.195587
46		36.213837		89.674477
48		35.690315		104.822609
50		35.193672		93.753288
52		34.730350		104.043839
54		34.435802		112.110786
56		34.178879		104.822609
58		34.136955		102.123169
60		33.662884		106.398438
62		33.613434		96.580101
64		33.563984		89.177872
66		33.576885		74.585915
68		33.515610		47.347580
70		33.515610		30.552097
72		33.054440		31.701656
74		33.055511		31.808619
76		33.508083		26.938534
78		33.496258		33.237629
80		33.508083		45.064480
82		33.566135		55.786938
84		33.555386		104.822609
86		33.600533		107.998955
88		34.030529		90.844551
90		34.086430		113.375824
92		34.576626		112.952507
94		34.580925		113.375824
96		35.046398		112.952507
98		35.525845		112.110786
100		36.023563		112.530830
102		180.427155		112.110786
104		180.014359		112.110786
106		180.488434		111.275589
108		181.261353		111.275589
110		181.883774		112.952507
112		181.947205		111.275589
114		189.382919		112.952507
116		189.374313		112.110786
118		182.455673		112.110786
120		188.730392		92.372498
122		188.305771		114.655693
124		187.825256		112.110786
126		188.115494		108.808586
128		187.654327		112.110786
130		187.565109		111.275589
132		187.501678		111.275589
134		187.474808		73.770462
136		187.193161		90.341141
138		187.249054		86.737801
140		187.369461		89.343086
142		118.475403		86.417793
144		118.014236		87.059044
146		117.559509		86.417793
148		117.442337		87.059044
150		117.407936		90.508621
152		117.350967		85.781509
154		117.360641		49.230644
156		116.862915		90.341141
158		116.837120		87.867653
160		116.787666		71.641846
162		116.758644		83.593040
164		116.781219		78.231461
166		116.784447		75.688065
168		116.841415		75.688065
170		116.395294		78.808838
172		117.362793		113.375824
174		116.660820		114.655693
176		117.406860		114.655693
178		117.379990		113.800789
180		116.917740		114.655693
** Cleaned data **
Angle(Degrees)	Sound Distance(cm)	IR Distance (cm)
0		117.358490		73.500755
2		179.934814		114.655693
4		35.146370		105.214272
6		305.518738		51.562389
8		305.518738		112.952507
10		305.518738		65.400848
12		305.518738		112.952507
14		305.518738		112.952507
16		305.518738		113.375824
18		305.518738		111.275589
20		305.518738		113.375824
22		305.518738		112.952507
24		305.518738		94.451775
26		305.518738		112.110786
28		305.518738		112.952507
30		305.518738		89.674477
32		226.343491		96.221924
34		226.343491		86.417793
36		226.343491		86.417793
38		226.343491		100.426193
40		226.343491		112.952507
42		226.343491		91.013008
44		34.392155		107.195587
46		34.392155		89.674477
48		34.392155		104.822609
50		34.392155		93.753288
52		34.392155		104.043839
54		34.392155		112.110786
56		34.392155		104.822609
58		34.392155		102.123169
60		34.392155		106.398438
62		34.392155		96.580101
64		34.392155		89.177872
66		34.392155		74.585915
68		34.392155		47.347580
70		34.392155		30.552097
72		34.392155		31.701656
74		34.392155		31.808619
76		34.392155		26.938534
78		34.392155		33.237629
80		34.392155		45.064480
82		34.392155		55.786938
84		34.392155		104.822609
86		34.392155		107.998955
88		34.392155		90.844551
90		34.392155		113.375824
92		34.392155		112.952507
94		34.392155		113.375824
96		34.392155		112.952507
98		34.392155		112.110786
100		34.392155		112.530830
102		108.225357		112.110786
104		153.212006		112.110786
106		153.212006		111.275589
108		185.073914		111.275589
110		185.073914		112.952507
112		185.073914		111.275589
114		185.073914		112.952507
116		185.073914		112.110786
118		185.073914		112.110786
120		185.073914		92.372498
122		185.073914		114.655693
124		185.073914		112.110786
126		185.073914		108.808586
128		185.073914		112.110786
130		185.073914		111.275589
132		185.073914		111.275589
134		185.073914		73.770462
136		185.073914		90.341141
138		185.073914		86.737801
140		185.073914		89.343086
142		117.239029		86.417793
144		117.239029		87.059044
146		117.239029		86.417793
148		117.239029		87.059044
150		117.239029		90.508621
152		117.239029		85.781509
154		117.239029		49.230644
156		117.239029		90.341141
158		117.239029		87.867653
160		117.239029		71.641846
162		117.239029		83.593040
164		117.239029		78.231461
166		117.239029		75.688065
168		117.239029		75.688065
170		117.239029		78.808838
172		117.239029		113.375824
174		117.239029		114.655693
176		117.239029		114.655693
178		117.239029		113.800789
180		117.239029		114.655693

Object#		Angle (deg)		Sound Dist (cm)		IR Dist (cm)		Width (cm)
1			73.0			34.39			0.00
Smallest Object is #1
Pressed: w

Distance: 20.00
Slowing down
Final Distance: 22.01
Pressed: w

Distance: 20.00
Slowing down
Final Distance: 22.45
Pressed: w

Distance: 20.00
Slowing down
Final Distance: 21.56
Pressed: m

**Raw noisy sensor data**
Angle(Degrees)	Sound Distance(cm)	IR Distance (cm)
0		114.091591		85.150146
2		170.776962		114.655693
4		25.299450		111.275589
6		307.760956		113.800789
8		309.435791		112.952507
10		288.229462		111.692375
12		303.587860		112.952507
14		303.487885		111.275589
16		286.473999		115.085640
18		298.634277		113.163956
20		294.234344		113.588097
22		302.202179		112.110786
24		287.679047		111.692375
26		286.715851		107.998955
28		219.742828		109.624535
30		219.645004		93.060211
32		28.363174		113.800789
34		27.429008		112.952507
36		27.398907		97.663017
38		26.462589		83.285240
40		26.379818		105.410675
42		25.898220		103.271088
44		25.863821		83.593040
46		25.357500		97.300644
48		25.296225		100.800743
50		25.266125		94.101852
52		25.261826		95.865135
54		24.774855		73.500755
56		24.725405		35.826641
58		24.741529		26.158054
60		24.737230		23.897329
62		24.734005		23.593983
64		24.744755		23.631643
66		24.736155		23.593983
68		24.721104		28.869400
70		24.774855		48.364723
72		25.211300		83.285240
74		25.254301		90.844551
76		25.247850		82.978622
78		25.733746		88.030319
80		25.777821		110.240677
82		26.241142		91.690109
84		26.281994		93.406075
86		26.807663		114.227409
88		27.626808		112.110786
90		170.596359		93.060211
92		170.718918		112.110786
94		170.838242		113.588097
96		170.350189		93.753288
98		170.898438		112.530830
100		171.802505		114.227409
102		171.347778		110.860420
104		173.484863		114.655693
106		172.377625		112.952507
108		173.208588		112.110786
110		184.320786		113.588097
112		183.439285		113.800789
114		182.419113		112.110786
116		182.839447		112.110786
118		181.843994		110.446854
120		181.417221		112.110786
122		181.717148		114.013893
124		181.754776		113.163956
126		181.745102		111.275589
128		181.745102		111.692375
130		181.231247		105.214272
132		181.148483		89.012978
134		181.182877		86.898270
136		180.985077		87.059044
138		180.991531		86.417793
140		180.961426		86.417793
142		116.082474		83.902046
144		115.156906		86.577637
146		114.664558		90.341141
148		114.208763		72.432335
150		114.168991		86.417793
152		114.144264		87.059044
154		113.646545		82.978622
156		113.603546		85.150146
158		113.647621		89.674477
160		113.570221		84.367813
162		113.540123		79.390724
164		113.606766		62.161819
166		113.141296		70.860527
168		113.573448		79.099213
170		113.561623		80.272072
172		113.593872		112.530830
174		114.044289		112.952507
176		114.107712		114.013893
178		114.099113		114.655693
180		114.562439		115.301239
** Cleaned data **
Angle(Degrees)	Sound Distance(cm)	IR Distance (cm)
0		114.091591		85.150146
2		170.776962		114.655693
4		25.299450		111.275589
6		296.899994		113.800789
8		296.899994		112.952507
10		296.899994		111.692375
12		296.899994		112.952507
14		296.899994		111.275589
16		296.899994		115.085640
18		296.899994		113.163956
20		296.899994		113.588097
22		296.899994		112.110786
24		296.899994		111.692375
26		296.899994		107.998955
28		219.718369		109.624535
30		219.718369		93.060211
32		25.784697		113.800789
34		25.784697		112.952507
36		25.784697		97.663017
38		25.784697		83.285240
40		25.784697		105.410675
42		25.784697		103.271088
44		25.784697		83.593040
46		25.784697		97.300644
48		25.784697		100.800743
50		25.784697		94.101852
52		25.784697		95.865135
54		25.784697		73.500755
56		25.784697		35.826641
58		25.784697		26.158054
60		25.784697		23.897329
62		25.784697		23.593983
64		25.784697		23.631643
66		25.784697		23.593983
68		25.784697		28.869400
70		25.784697		48.364723
72		25.784697		83.285240
74		25.784697		90.844551
76		25.784697		82.978622
78		25.784697		88.030319
80		25.784697		110.240677
82		25.784697		91.690109
84		25.784697		93.406075
86		25.784697		114.227409
88		25.784697		112.110786
90		99.111588		93.060211
92		143.895996		112.110786
94		143.895996		113.588097
96		177.612228		93.753288
98		177.612228		112.530830
100		177.612228		114.227409
102		177.612228		110.860420
104		177.612228		114.655693
106		177.612228		112.952507
108		177.612228		112.110786
110		177.612228		113.588097
112		177.612228		113.800789
114		177.612228		112.110786
116		177.612228		112.110786
118		177.612228		110.446854
120		177.612228		112.110786
122		177.612228		114.013893
124		177.612228		113.163956
126		177.612228		111.275589
128		177.612228		111.692375
130		177.612228		105.214272
132		177.612228		89.012978
134		177.612228		86.898270
136		177.612228		87.059044
138		177.612228		86.417793
140		177.612228		86.417793
142		114.125633		83.902046
144		114.125633		86.577637
146		114.125633		90.341141
148		114.125633		72.432335
150		114.125633		86.417793
152		114.125633		87.059044
154		114.125633		82.978622
156		114.125633		85.150146
158		114.125633		89.674477
160		114.125633		84.367813
162		114.125633		79.390724
164		114.125633		62.161819
166		114.125633		70.860527
168		114.125633		79.099213
170		114.125633		80.272072
172		114.125633		112.530830
174		114.125633		112.952507
176		114.125633		114.013893
178		114.125633		114.655693
180		114.125633		115.301239

Object#		Angle (deg)		Sound Dist (cm)		IR Dist (cm)		Width (cm)
1			61.0			25.78			0.00
Smallest Object is #1
Pressed: p

Turning (abs): Final angle 40.06° where the target was 39.36°!
Pressed: w

Distance: 20.00
Slowing down
Final Distance: 22.45
Pressed: w

Distance: 20.00
Slowing down
Final Distance: 22.01
Pressed: w

Distance: 20.00
Slowing down
Final Distance: 19.78
Pressed: w

Distance: 20.00
Slowing down
Final Distance: 24.45
Pressed: ÿ

Pressed: ÿ

Pressed: w

Distance: 20.00
Slowing down
Final Distance: 23.12
Pressed: w

Distance: 20.00
Slowing down
Final Distance: 24.01
Pressed: m

**Raw noisy sensor data**
Angle(Degrees)	Sound Distance(cm)	IR Distance (cm)
0		186.926559		113.375824
2		8.213536		76.245605
4		266.423248		112.110786
6		309.325073		112.110786
8		309.363770		110.446854
10		309.317566		113.375824
12		309.378845		99.496178
14		309.308960		105.214272
16		303.577087		103.271088
18		309.361633		111.275589
20		309.422913		112.952507
22		309.302521		114.655693
24		305.937775		112.952507
26		309.388519		111.275589
28		290.615936		111.275589
30		290.665375		112.952507
32		287.116821		112.952507
34		288.598175		39.458618
36		286.878174		112.952507
38		287.780090		74.859848
40		296.454224		111.483780
42		300.863831		112.530830
44		274.618988		113.375824
46		265.052643		112.952507
48		275.134979		113.800789
50		275.635925		112.110786
52		276.845276		112.110786
54		277.304321		110.034897
56		266.327576		85.150146
58		265.950256		100.239464
60		275.961639		90.341141
62		199.578125		111.275589
64		200.881027		109.624535
66		200.386520		84.212257
68		198.459061		93.060211
70		198.688034		93.753288
72		199.546951		92.372498
74		197.409882		90.341141
76		198.555817		71.904320
78		198.180649		107.998955
80		198.115067		108.402985
82		198.960007		74.041222
84		198.584839		101.743500
86		199.712509		100.239464
88		10.966589		80.568146
90		9.717449		96.580101
92		9.275628		80.272072
94		8.748882		93.060211
96		8.697283		81.613518
98		8.660733		77.373756
100		8.211387		59.953770
102		8.210312		41.428291
104		8.212461		13.096931
106		7.672815		8.721913
108		7.628741		7.383941
110		7.617991		6.919424
112		7.625516		6.679938
114		7.623366		6.591143
116		7.627666		6.162891
118		7.623366		6.642151
120		7.625516		6.993585
122		8.197412		7.521682
124		8.206012		9.426596
126		8.210312		12.808832
128		8.597308		61.937134
130		8.609134		90.341141
132		9.124054		112.110786
134		9.578775		110.446854
136		254.860626		112.952507
138		269.447205		111.275589
140		190.719131		112.110786
142		188.883041		112.952507
144		188.345551		114.655693
146		187.621002		113.800789
148		186.466461		114.655693
150		186.928711		114.655693
152		186.083771		106.796234
154		186.425613		107.195587
156		186.317032		112.110786
158		186.182663		114.655693
160		185.752670		113.800789
162		185.780624		113.375824
164		185.303314		97.663017
166		185.336639		90.341141
168		185.633347		97.300644
170		185.263550		89.674477
172		185.173248		87.705299
174		185.206573		74.997215
176		126.858185		86.417793
178		126.392715		86.737801
180		126.361542		72.432335
** Cleaned data **
Angle(Degrees)	Sound Distance(cm)	IR Distance (cm)
0		186.926559		113.375824
2		8.213536		76.245605
4		266.423248		112.110786
6		301.864105		112.110786
8		301.864105		110.446854
10		301.864105		113.375824
12		301.864105		99.496178
14		301.864105		105.214272
16		301.864105		103.271088
18		301.864105		111.275589
20		301.864105		112.952507
22		301.864105		114.655693
24		301.864105		112.952507
26		301.864105		111.275589
28		301.864105		111.275589
30		301.864105		112.952507
32		301.864105		112.952507
34		301.864105		39.458618
36		301.864105		112.952507
38		301.864105		74.859848
40		301.864105		111.483780
42		301.864105		112.530830
44		272.793793		113.375824
46		272.793793		112.952507
48		272.793793		113.800789
50		272.793793		112.110786
52		272.793793		112.110786
54		272.793793		110.034897
56		272.793793		85.150146
58		272.793793		100.239464
60		272.793793		90.341141
62		199.037445		111.275589
64		199.037445		109.624535
66		199.037445		84.212257
68		199.037445		93.060211
70		199.037445		93.753288
72		199.037445		92.372498
74		199.037445		90.341141
76		199.037445		71.904320
78		199.037445		107.998955
80		199.037445		108.402985
82		199.037445		74.041222
84		199.037445		101.743500
86		199.037445		100.239464
88		8.517895		80.568146
90		8.517895		96.580101
92		8.517895		80.272072
94		8.517895		93.060211
96		8.517895		81.613518
98		8.517895		77.373756
100		8.517895		59.953770
102		8.517895		41.428291
104		8.517895		13.096931
106		8.517895		8.721913
108		8.517895		7.383941
110		8.517895		6.919424
112		8.517895		6.679938
114		8.517895		6.591143
116		8.517895		6.162891
118		8.517895		6.642151
120		8.517895		6.993585
122		8.517895		7.521682
124		8.517895		9.426596
126		8.517895		12.808832
128		8.517895		61.937134
130		8.517895		90.341141
132		8.517895		112.110786
134		8.517895		110.446854
136		132.219696		112.952507
138		188.096909		111.275589
140		188.096909		112.110786
142		188.096909		112.952507
144		188.096909		114.655693
146		188.096909		113.800789
148		188.096909		114.655693
150		188.096909		114.655693
152		188.096909		106.796234
154		188.096909		107.195587
156		188.096909		112.110786
158		188.096909		114.655693
160		188.096909		113.800789
162		188.096909		113.375824
164		188.096909		97.663017
166		188.096909		90.341141
168		188.096909		97.300644
170		188.096909		89.674477
172		188.096909		87.705299
174		188.096909		74.997215
176		126.659050		86.417793
178		126.659050		86.737801
180		126.659050		72.432335

Object#		Angle (deg)		Sound Dist (cm)		IR Dist (cm)		Width (cm)
1			112.0			8.52			0.00
Smallest Object is #1
Pressed: p

Turning (abs): Final angle 61.72° where the target was 62.06°!
Pressed: p

Turning (abs): Final angle 82.84° where the target was 83.72°!
Pressed: p

Turning (abs): Final angle 104.93° where the target was 104.84°!
Pressed: p

Turning (abs): Final angle 125.94° where the target was 126.93°!
Pressed: p

Turning (abs): Final angle 146.95° where the target was 147.94°!
Pressed: d

Turning (abs): Final angle 101.99° where the target was 101.95°!
Pressed: d

Turning (abs): Final angle 57.80° where the target was 56.99°!
Pressed: a

Turning (abs): Final angle 103.19° where the target was 102.80°!
Pressed: d

Turning (abs): Final angle 56.93° where the target was 58.19°!
Pressed: m

**Raw noisy sensor data**
Angle(Degrees)	Sound Distance(cm)	IR Distance (cm)
0		179.996094		88.356598
2		152.282806		77.658546
4		7.577142		104.822609
6		296.849792		114.870453
8		309.373444		114.655693
10		296.486450		110.240677
12		278.915710		112.952507
14		294.359039		112.952507
16		279.605865		112.952507
18		277.803101		112.952507
20		275.302673		112.110786
22		287.774719		111.275589
24		285.590332		114.227409
26		275.704712		112.110786
28		277.699921		113.375824
30		277.854706		113.588097
32		273.813812		112.110786
34		275.888550		106.796234
36		207.636261		91.690109
38		278.657715		83.902046
40		207.948013		106.995720
42		199.355606		113.375824
44		200.375778		87.705299
46		200.476822		89.343086
48		198.339737		89.674477
50		8.213536		96.580101
52		7.158970		79.536903
54		6.658024		104.822609
56		6.566649		96.580101
58		6.082904		89.674477
60		6.046353		69.072472
62		5.593782		46.682541
64		5.540032		12.627422
66		5.492733		6.600336
68		5.483058		5.790938
70		5.450809		5.194084
72		5.024037		5.382783
74		5.018661		5.332400
76		5.022962		5.345327
78		5.452958		5.286270
80		5.447583		5.423813
82		5.448659		5.657477
84		5.490583		6.060543
86		5.497033		8.609874
88		5.977554		17.410004
90		5.974329		49.056110
92		6.459150		89.343086
94		7.032121		97.300644
96		7.038570		85.150146
98		7.863090		104.043839
100		152.335480		112.952507
102		152.302155		111.692375
104		151.742096		113.375824
106		151.791534		111.692375
108		152.664429		110.446854
110		152.365585		93.753288
112		153.176132		112.952507
114		153.644821		113.588097
116		153.235260		112.110786
118		154.241440		111.275589
120		153.912491		111.275589
122		183.050140		92.372498
124		183.015747		111.692375
126		182.860947		111.275589
128		181.902054		93.753288
130		181.849380		112.110786
132		180.953903		113.375824
134		180.328262		91.013008
136		180.785126		111.692375
138		180.185287		113.800789
140		180.703430		93.753288
142		180.301392		108.402985
144		179.836990		79.099213
146		179.690796		89.012978
148		179.764969		84.212257
150		179.642410		86.417793
152		179.631668		86.417793
154		179.599411		88.030319
156		180.070267		83.902046
158		179.646713		91.013008
160		121.762726		83.285240
162		121.740158		87.059044
164		121.116661		89.012978
166		120.588837		87.381546
168		120.597435		87.705299
170		120.627541		88.030319
172		120.604965		87.059044
174		120.058868		91.690109
176		120.030914		87.059044
178		120.045967		86.417793
180		120.012642		66.843872
** Cleaned data **
Angle(Degrees)	Sound Distance(cm)	IR Distance (cm)
0		179.996094		88.356598
2		152.282806		77.658546
4		7.577142		104.822609
6		284.200409		114.870453
8		284.200409		114.655693
10		284.200409		110.240677
12		284.200409		112.952507
14		284.200409		112.952507
16		284.200409		112.952507
18		284.200409		112.952507
20		284.200409		112.110786
22		284.200409		111.275589
24		284.200409		114.227409
26		284.200409		112.110786
28		284.200409		113.375824
30		284.200409		113.588097
32		284.200409		112.110786
34		284.200409		106.796234
36		251.021698		91.690109
38		251.021698		83.902046
40		202.930298		106.995720
42		202.930298		113.375824
44		202.930298		87.705299
46		202.930298		89.343086
48		202.930298		89.674477
50		6.097271		96.580101
52		6.097271		79.536903
54		6.097271		104.822609
56		6.097271		96.580101
58		6.097271		89.674477
60		6.097271		69.072472
62		6.097271		46.682541
64		6.097271		12.627422
66		6.097271		6.600336
68		6.097271		5.790938
70		6.097271		5.194084
72		6.097271		5.382783
74		6.097271		5.332400
76		6.097271		5.345327
78		6.097271		5.286270
80		6.097271		5.423813
82		6.097271		5.657477
84		6.097271		6.060543
86		6.097271		8.609874
88		6.097271		17.410004
90		6.097271		49.056110
92		6.097271		89.343086
94		6.097271		97.300644
96		6.097271		85.150146
98		6.097271		104.043839
100		80.099281		112.952507
102		125.086060		111.692375
104		125.086060		113.375824
106		150.676895		111.692375
108		150.676895		110.446854
110		150.676895		93.753288
112		150.676895		112.952507
114		150.676895		113.588097
116		150.676895		112.110786
118		150.676895		111.275589
120		150.676895		111.275589
122		179.367371		92.372498
124		179.367371		111.692375
126		179.367371		111.275589
128		179.367371		93.753288
130		179.367371		112.110786
132		179.367371		113.375824
134		179.367371		91.013008
136		179.367371		111.692375
138		179.367371		113.800789
140		179.367371		93.753288
142		179.367371		108.402985
144		179.367371		79.099213
146		179.367371		89.012978
148		179.367371		84.212257
150		179.367371		86.417793
152		179.367371		86.417793
154		179.367371		88.030319
156		179.367371		83.902046
158		179.367371		91.013008
160		120.807526		83.285240
162		120.807526		87.059044
164		120.807526		89.012978
166		120.807526		87.381546
168		120.807526		87.705299
170		120.807526		88.030319
172		120.807526		87.059044
174		120.807526		91.690109
176		120.807526		87.059044
178		120.807526		86.417793
180		120.807526		66.843872

Object#		Angle (deg)		Sound Dist (cm)		IR Dist (cm)		Width (cm)
1			75.0			6.10			0.00
2			104.0			125.09			0.00
Smallest Object is #1
Pressed: w

Distance: 20.00
Slowing down
Final Distance: 22.67
Pressed: m

**Raw noisy sensor data**
Angle(Degrees)	Sound Distance(cm)	IR Distance (cm)
0		179.133942		106.398438
2		148.226868		33.237629
4		4.007095		90.007164
6		299.645844		56.189201
8		286.529877		112.952507
10		282.828705		112.952507
12		284.493866		112.110786
14		296.162872		112.530830
16		289.063629		112.952507
18		283.426392		112.110786
20		293.067993		92.372498
22		280.393829		111.275589
24		279.476868		112.530830
26		280.176697		108.808586
28		282.763123		111.275589
30		283.534973		112.952507
32		277.330109		105.607460
34		198.194626		90.676422
36		200.198410		79.683365
38		199.210480		104.822609
40		200.054352		93.753288
42		198.295670		100.239464
44		196.503662		89.343086
46		4.977813		87.705299
48		4.054395		87.059044
50		3.544848		89.343086
52		3.027778		75.688065
54		2.668731		72.432335
56		2.476307		55.786938
58		2.433308		13.629146
60		2.386008		6.004511
62		1.959237		4.634502
64		1.913012		4.507471
66		1.864637		4.466145
68		1.863562		4.437724
70		1.868937		4.398731
72		1.865712		4.428645
74		1.866787		4.430584
76		1.864637		4.438532
78		1.861412		4.462051
80		1.913012		4.515676
82		1.908712		4.615323
84		2.381708		5.592440
86		2.431158		10.195285
88		2.478457		32.790218
90		2.931028		55.987679
92		3.405100		91.690109
94		3.913570		95.865135
96		4.754214		98.758636
98		148.823486		110.446854
100		148.819183		111.275589
102		148.490234		112.952507
104		148.886917		113.588097
106		149.378189		111.275589
108		149.433014		96.580101
110		149.516861		111.275589
112		150.377930		111.692375
114		150.906815		113.375824
116		150.069397		111.692375
118		153.501846		112.952507
120		265.963165		113.163956
122		268.445313		111.275589
124		266.676941		112.952507
126		265.858887		112.110786
128		181.775192		111.275589
130		180.823837		112.110786
132		180.847488		109.624535
134		180.709885		113.375824
136		181.096878		89.674477
138		179.782166		111.275589
140		180.127243		112.952507
142		179.727341		115.085640
144		179.718735		82.673203
146		178.871643		91.350899
148		178.787796		93.406075
150		178.779205		87.381546
152		178.860901		83.285240
154		178.844772		82.978622
156		178.763077		87.705299
158		178.753403		86.099030
160		121.447754		86.417793
162		121.450981		86.099030
164		121.405830		86.417793
166		120.896286		87.059044
168		120.416840		86.737801
170		120.817810		87.059044
172		120.360939		84.212257
174		120.338364		87.059044
176		120.303963		86.737801
178		120.335144		88.684151
180		120.335144		87.059044
** Cleaned data **
Angle(Degrees)	Sound Distance(cm)	IR Distance (cm)
0		179.133942		106.398438
2		148.226868		33.237629
4		4.007095		90.007164
6		287.035034		56.189201
8		287.035034		112.952507
10		287.035034		112.952507
12		287.035034		112.110786
14		287.035034		112.530830
16		287.035034		112.952507
18		287.035034		112.110786
20		287.035034		92.372498
22		287.035034		111.275589
24		287.035034		112.530830
26		287.035034		108.808586
28		287.035034		111.275589
30		287.035034		112.952507
32		287.035034		105.607460
34		198.819778		90.676422
36		198.819778		79.683365
38		198.819778		104.822609
40		198.819778		93.753288
42		198.819778		100.239464
44		198.819778		89.343086
46		2.696911		87.705299
48		2.696911		87.059044
50		2.696911		89.343086
52		2.696911		75.688065
54		2.696911		72.432335
56		2.696911		55.786938
58		2.696911		13.629146
60		2.696911		6.004511
62		2.696911		4.634502
64		2.696911		4.507471
66		2.696911		4.466145
68		2.696911		4.437724
70		2.696911		4.398731
72		2.696911		4.428645
74		2.696911		4.430584
76		2.696911		4.438532
78		2.696911		4.462051
80		2.696911		4.515676
82		2.696911		4.615323
84		2.696911		5.592440
86		2.696911		10.195285
88		2.696911		32.790218
90		2.696911		55.987679
92		2.696911		91.690109
94		2.696911		95.865135
96		2.696911		98.758636
98		76.788849		110.446854
100		121.725571		111.275589
102		121.725571		112.952507
104		147.828369		113.588097
106		147.828369		111.275589
108		147.828369		96.580101
110		147.828369		111.275589
112		147.828369		111.692375
114		147.828369		113.375824
116		147.828369		111.692375
118		147.828369		112.952507
120		209.732513		113.163956
122		250.447586		111.275589
124		250.447586		112.952507
126		250.447586		112.110786
128		179.953751		111.275589
130		179.953751		112.110786
132		179.953751		109.624535
134		179.953751		113.375824
136		179.953751		89.674477
138		179.953751		111.275589
140		179.953751		112.952507
142		179.953751		115.085640
144		179.953751		82.673203
146		179.953751		91.350899
148		179.953751		93.406075
150		179.953751		87.381546
152		179.953751		83.285240
154		179.953751		82.978622
156		179.953751		87.705299
158		179.953751		86.099030
160		120.837273		86.417793
162		120.837273		86.099030
164		120.837273		86.417793
166		120.837273		87.059044
168		120.837273		86.737801
170		120.837273		87.059044
172		120.837273		84.212257
174		120.837273		87.059044
176		120.837273		86.737801
178		120.837273		88.684151
180		120.837273		87.059044

Object#		Angle (deg)		Sound Dist (cm)		IR Dist (cm)		Width (cm)
1			102.0			121.73			0.00
Smallest Object is #1
