Angle(Degrees)	Distance(mm)
0			56.980995
2			31.067251
4			140.299286
6			141.007706
8			139.930557
10			140.515350
12			140.574478
14			140.312180
16			140.586304
18			140.588455
20			140.530396
22			141.149597
24			140.513199
26			140.102554
28			139.888626
30			140.003662
32			140.410004
34			140.667999
36			140.405701
38			140.790543
40			139.912277
42			140.634674
44			140.275635
46			140.528259
48			140.714218
50			140.591675
52			140.303574
54			140.700256
56			140.268097
58			140.712082
60			140.686279
62			140.012253
64			140.791626
66			140.316483
68			140.061707
70			140.518570
72			33.147362
74			33.464481
76			32.180943
78			32.103542
80			31.679996
82			31.581099
84			31.584322
86			31.311275
88			31.074778
90			31.064026
92			31.035002
94			30.613605
96			30.616831
98			30.623280
100			31.093052
102			31.097351
104			31.091976
106			31.328474
108			31.529497
110			31.317724
112			31.613348
114			32.082043
116			32.142242
118			33.052761
120			33.092537
122			34.493248
124			140.669083
126			139.962814
128			140.064926
130			140.262726
132			140.134811
134			140.428284
136			140.362701
138			140.275635
140			140.078903
142			60.647789
144			60.171570
146			63.097694
148			57.473339
150			57.464741
152			58.702057
154			57.811962
156			57.311016
158			56.877796
160			56.849846
162			56.423073
164			56.372551
166			56.374699
168			56.403725
170			56.059727
172			56.094128
174			56.075851
176			56.433823
178			56.867046
180			56.954121
